<<<<<<< HEAD
2020-07-01,10:00:00,100000,,100000
2020-07-02,11:00:00,0,5000,95000
2020-07-03,12:00:00,12000,,107000
2020-07-04,13:00:00,98000,,205000
2020-07-05,14:00:00,0,12000,193000
2020-07-06,15:00:00,89000,,282000
2020-07-07,16:00:00,12000,,294000
2020-07-08,17:00:00,100000,,394000
2020-07-09,18:00:00,0,5000,389000
2020-07-10,19:00:00,0,10000,379000
=======
2020-07-01,10:00:00,100000,,100000
2020-07-02,11:00:00,0,5000,95000
2020-07-03,12:00:00,12000,,107000
2020-07-04,13:00:00,98000,,205000
2020-07-05,14:00:00,0,12000,193000
2020-07-06,15:00:00,89000,,282000
2020-07-07,16:00:00,12000,,294000
2020-07-08,17:00:00,100000,,394000
2020-07-09,18:00:00,0,5000,389000
2020-07-10,19:00:00,0,10000,379000
>>>>>>> 17ece666a54cbd8dea0a061317f1bc3cc28ff00e
